1       0
2       1862392
3       1345760
4       787024
5       499600
6       747160
7       521072
8       422168
9       895960
10      133576
11      321824
12      90128
13      179384
14      0
15      292552
16      0
17      264384
18      0
19      0
20      0
21      0
22      0
23      0
24      0
25      152456
26      0
27      0
28      0
29      68432
30      0
31      0
32      0
33      0
34      115368
35      122216
36      0
37      202608
38      0
39      0
40      543200
41      0
42      0

